λ> filterino $ sow $ z
[[0,3,2],[9,0,2],[0,3,0],[9,6,0],[0,3,4],[0,3,2],[9,0,2],[9,6,4],[0,3,4],[0,3,0],[9,0,0],[9,0,4],[0,0,2],[0,0,2],[0,6,4],[0,6,0],[0,0,0],[0,0,4],[0,0,2],[0,0,2],[0,6,8],[0,6,4],[0,0,4],[0,0,8],[0,3,2],[9,0,2],[9,6,8],[9,6,4],[0,3,8],[0,3,4],[0,3,4],[9,0,4],[9,0,8],[9,0,2],[0,3,8],[0,3,2],[0,3,8],[0,3,2],[0,3,0],[9,0,0],[9,0,8],[9,0,2],[0,3,2],[9,0,2],[9,6,8],[9,6,0],[0,0,2],[0,0,2],[0,6,8],[0,6,0],[0,0,0],[0,0,8],[0,3,8],[0,3,0],[0,0,4],[0,0,4],[0,0,8],[0,0,2],[0,0,0],[0,0,0],[0,0,8],[0,0,2],[0,0,2],[0,0,2],[0,6,8],[0,6,0],[0,0,2],[0,0,2],[0,6,8],[0,6,4],[0,6,0],[0,0,0],[0,0,8],[0,0,4],[0,6,4],[0,0,4],[0,0,8],[0,0,0],[0,0,4],[0,0,4],[0,0,8],[0,0,0],[0,0,0],[0,0,8],[0,3,8],[0,3,0],[0,3,8],[0,3,4],[0,3,0],[9,0,0],[9,0,8],[9,0,4],[0,3,4],[9,0,4],[9,0,8],[9,0,0]]
(0.01 secs, 1,072,192 bytes)
λ> z
[[0,9],[0,3,6],[0,1,2,4,8]]
(0.01 secs, 358,712 bytes)
λ> main
[]
"done"
(3.94 secs, 1,530,377,272 bytes)
λ> main
[]
"done"
(0.34 secs, 168,526,368 bytes)
λ> main
[2,3]
"done"
(0.02 secs, 2,458,040 bytes)
λ> main
[2,3]
"done"
(0.02 secs, 2,501,632 bytes)
λ> main
[2,3,5,7,13,17,23,43,59,61,113,181,193,199]
"done"
(2.06 secs, 806,902,632 bytes)
λ> main
[2,3,5,7,13,17,23,43,59,61,113,181,193,199]
"done"
(2.07 secs, 806,902,632 bytes)
λ> main
[2,3,5,7,13,17,23,43,59,61,113,181,193,199,241,467,479,499]
"done"
(22.68 secs, 9,019,160,400 bytes)
λ> main
[2,3,5,7,13,17,23,43,59,61,113,181,193,199,241,467,479,499]
"done"
(0.84 secs, 481,889,992 bytes)
λ> z
[[0,9],[0,3,6],[0,1,2,4,8]]
(0.01 secs, 370,048 bytes)
λ> return 9 :: [Int]
[9]
(0.01 secs, 340,336 bytes)
λ> main
[2,3,5,7,13,17,23,43,59,61]
"done"
(0.03 secs, 3,703,992 bytes)
λ> main
[2,3,5,7,13,17,23,43,59,61]
"done"
(0.11 secs, 33,762,648 bytes)
λ> filter divisibleFree $ sequence $ filterHighNumbers 17 candidates
[[0,0,0,0,0],[0,0,0,0,2],[0,0,0,0,4],[0,0,0,0,8],[0,0,0,0,16],[0,0,0,3,0],[0,0,0,3,2],[0,0,0,3,4],[0,0,0,3,8],[0,0,0,3,16],[0,0,0,6,0],[0,0,0,6,4],[0,0,0,6,8],[0,0,0,6,16],[0,0,0,12,0],[0,0,0,12,8],[0,0,0,12,16],[0,0,9,0,0],[0,0,9,0,2],[0,0,9,0,4],[0,0,9,0,8],[0,0,9,0,16],[0,0,9,6,0],[0,0,9,6,4],[0,0,9,6,8],[0,0,9,6,16],[0,0,9,12,0],[0,0,9,12,8],[0,0,9,12,16]]
(0.01 secs, 1,156,568 bytes)
λ> sequence $ filterHighNumbers 17 candidates
[[0,0,0,0,0],[0,0,0,0,2],[0,0,0,0,4],[0,0,0,0,8],[0,0,0,0,16],[0,0,0,3,0],[0,0,0,3,2],[0,0,0,3,4],[0,0,0,3,8],[0,0,0,3,16],[0,0,0,6,0],[0,0,0,6,2],[0,0,0,6,4],[0,0,0,6,8],[0,0,0,6,16],[0,0,0,12,0],[0,0,0,12,2],[0,0,0,12,4],[0,0,0,12,8],[0,0,0,12,16],[0,0,9,0,0],[0,0,9,0,2],[0,0,9,0,4],[0,0,9,0,8],[0,0,9,0,16],[0,0,9,3,0],[0,0,9,3,2],[0,0,9,3,4],[0,0,9,3,8],[0,0,9,3,16],[0,0,9,6,0],[0,0,9,6,2],[0,0,9,6,4],[0,0,9,6,8],[0,0,9,6,16],[0,0,9,12,0],[0,0,9,12,2],[0,0,9,12,4],[0,0,9,12,8],[0,0,9,12,16]]
(0.01 secs, 738,600 bytes)
λ> isValid 17 [[0,0,0,0,0],[0,0,0,0,2],[0,0,0,0,4],[0,0,0,0,8],[0,0,0,0,16],[0,0,0,3,0],[0,0,0,3,2],[0,0,0,3,4],[0,0,0,3,8],[0,0,0,3,16],[0,0,0,6,0],[0,0,0,6,4],[0,0,0,6,8],[0,0,0,6,16],[0,0,0,12,0],[0,0,0,12,8],[0,0,0,12,16],[0,0,9,0,0],[0,0,9,0,2],[0,0,9,0,4],[0,0,9,0,8],[0,0,9,0,16],[0,0,9,6,0],[0,0,9,6,4],[0,0,9,6,8],[0,0,9,6,16],[0,0,9,12,0],[0,0,9,12,8],[0,0,9,12,16]]
True
(0.02 secs, 376,784 bytes)
λ> filter divisibleFree $ sequence $ filterHighNumbers 17 candidates
[[0,0,0,0,0],[0,0,0,0,2],[0,0,0,0,4],[0,0,0,0,8],[0,0,0,0,16],[0,0,0,3,0],[0,0,0,3,2],[0,0,0,3,4],[0,0,0,3,8],[0,0,0,3,16],[0,0,0,6,0],[0,0,0,6,4],[0,0,0,6,8],[0,0,0,6,16],[0,0,0,12,0],[0,0,0,12,8],[0,0,0,12,16],[0,0,9,0,0],[0,0,9,0,2],[0,0,9,0,4],[0,0,9,0,8],[0,0,9,0,16],[0,0,9,6,0],[0,0,9,6,4],[0,0,9,6,8],[0,0,9,6,16],[0,0,9,12,0],[0,0,9,12,8],[0,0,9,12,16]]
(0.02 secs, 1,156,568 bytes)
λ> isValid 17 $ filter divisibleFree $ sequence $ filterHighNumbers 17 candidates
True
(0.01 secs, 912,520 bytes)
λ> isValid 17 [[0,0,0,0,0],[0,0,0,0,2],[0,0,0,0,4],[0,0,0,0,8],[0,0,0,0,16],[0,0,0,3,0],[0,0,0,3,2],[0,0,0,3,4],[0,0,0,3,8],[0,0,0,3,16],[0,0,0,6,0],[0,0,0,6,4],[0,0,0,6,8],[0,0,0,6,16],[0,0,0,12,0],[0,0,0,12,8],[0,0,0,12,16],[0,0,9,0,0],[0,0,9,0,2],[0,0,9,0,4],[0,0,9,0,8],[0,0,9,0,16],[0,0,9,6,0],[0,0,9,6,4],[0,0,9,6,8],[0,0,9,6,16],[0,0,9,12,0],[0,0,9,12,8],[0,0,9,12,16]]
True
(0.01 secs, 376,480 bytes)
λ> isValid 17 [[0,0,0,0,0],[0,0,0,0,2],[0,0,0,0,4],[0,0,0,0,8],[0,0,0,0,16],[0,0,0,3,0],[0,0,0,3,2],[0,0,0,3,4],[0,0,0,3,8],[0,0,0,3,16],[0,0,0,6,0],[0,0,0,6,4],[0,0,0,6,8],[0,0,0,6,16],[0,0,0,12,0],[0,0,0,12,8],[0,0,0,12,16],[0,0,9,0,0],[0,0,9,0,2],[0,0,9,0,4],[0,0,9,0,8],[0,0,9,0,16],[0,0,9,6,0],[0,0,9,6,4],[0,0,9,6,8],[0,0,9,6,16],[0,0,9,12,0],[0,0,9,12,8],[0,0,9,12,16]]
True
(0.02 secs, 376,792 bytes)
λ> isValid 17 $ filter divisibleFree $ sequence $ filterHighNumbers 17 candidates
True
(0.02 secs, 1,482,832 bytes)
λ> main
[2,3,5,7,13,17,23,43,59,61,113,181,193,199,241Interrupted.
λ> main
[2,3,5,7,13,17,23,43,59,61,113,181,193,199,241,467,479,499]
"done"
(0.88 secs, 481,889,992 bytes)
λ> z
[[0,9],[0,3,6],[0,1,2,4,8]]
(0.01 secs, 370,048 bytes)
λ> sequence z
[[0,0,0],[0,0,1],[0,0,2],[0,0,4],[0,0,8],[0,3,0],[0,3,1],[0,3,2],[0,3,4],[0,3,8],[0,6,0],[0,6,1],[0,6,2],[0,6,4],[0,6,8],[9,0,0],[9,0,1],[9,0,2],[9,0,4],[9,0,8],[9,3,0],[9,3,1],[9,3,2],[9,3,4],[9,3,8],[9,6,0],[9,6,1],[9,6,2],[9,6,4],[9,6,8]]
(0.01 secs, 528,944 bytes)
λ> filter divisibleFree $ sequence z
[[0,0,0],[0,0,1],[0,0,2],[0,0,4],[0,0,8],[0,3,0],[0,3,2],[0,3,4],[0,3,8],[0,6,0],[0,6,4],[0,6,8],[9,0,0],[9,0,2],[9,0,4],[9,0,8],[9,6,0],[9,6,4],[9,6,8]]
(0.01 secs, 603,240 bytes)
λ> solve 17
True
(0.01 secs, 510,752 bytes)
λ> solve 11
False
(0.01 secs, 414,808 bytes)
λ> solve 17545
False
(0.40 secs, 193,840,168 bytes)
λ> solve 175455
False
(0.40 secs, 193,840,168 bytes)
λ> solve 1754554
False
(0.39 secs, 193,840,168 bytes)
λ> solve 17545544
False
(0.42 secs, 193,840,168 bytes)
λ> solve 175455441
False
(0.40 secs, 193,840,168 bytes)
λ> solve 1754554418
False
(0.40 secs, 193,840,168 bytes)
λ> solve 17545544188
False
(0.42 secs, 193,840,168 bytes)
λ> solve 175455441887
False
(0.40 secs, 193,840,168 bytes)
λ> solve 17545544188777
False
(0.39 secs, 193,840,168 bytes)
λ> solve 17545544188777789
False
(0.39 secs, 193,840,168 bytes)
λ> solve 175455441887777891
False
(0.39 secs, 193,840,168 bytes)
λ> solve 1754554418877778914
False
(0.43 secs, 193,840,168 bytes)
λ> solve 17
True
(0.01 secs, 447,104 bytes)
λ> solve 1754554418877778914444
False
(0.39 secs, 193,840,696 bytes)
λ> solve 1754554418877778914444123
False
(0.40 secs, 193,840,696 bytes)
λ> solve 175455441887777891444412347
False
(0.43 secs, 193,840,696 bytes)
λ> solve 1754554418877778914444123477486456456
False
(0.39 secs, 193,840,944 bytes)
λ> solve 17545544188777789144441234774864564561
False
(0.40 secs, 193,840,944 bytes)
λ> solve 1754554
False
(0.38 secs, 193,840,168 bytes)
λ> z
[[0,9],[0,3,6],[0,1,2,4,8]]
(0.01 secs, 358,712 bytes)
λ> sequence z
[[0,0,0],[0,0,1],[0,0,2],[0,0,4],[0,0,8],[0,3,0],[0,3,1],[0,3,2],[0,3,4],[0,3,8],[0,6,0],[0,6,1],[0,6,2],[0,6,4],[0,6,8],[9,0,0],[9,0,1],[9,0,2],[9,0,4],[9,0,8],[9,3,0],[9,3,1],[9,3,2],[9,3,4],[9,3,8],[9,6,0],[9,6,1],[9,6,2],[9,6,4],[9,6,8]]
(0.01 secs, 528,944 bytes)
λ> div 8 4
2
(0.01 secs, 338,848 bytes)
λ> mod 8 0
*** Exception: divide by zero
λ> combinations 2 [1,2,3]
[[1,2],[1,3],[2,3]]
(0.01 secs, 356,016 bytes)
λ> combinations 2 [1,2,3]
[[1,2],[1,3],[2,3]]
(0.01 secs, 356,016 bytes)
λ> 2 * 6
12
(0.01 secs, 339,504 bytes)
λ> 2 * 5
10
(0.01 secs, 339,504 bytes)
λ> mod 2 6
2
(0.01 secs, 338,848 bytes)
λ> quot 5 2
2
(0.01 secs, 338,848 bytes)
λ> div 5 2
2
(0.01 secs, 338,848 bytes)
λ> rem 5 2
1
(0.01 secs, 338,848 bytes)
λ> rem 5 1
0
(0.01 secs, 338,832 bytes)
λ> mod 546498 2132
706
(0.01 secs, 340,320 bytes)
λ> rem 546498 2132
706
(0.01 secs, 340,320 bytes)
λ>  main
[2,3,5,7,13,17,23,43,59,61,113,181,193,199,241,467,479,499]
"done"
(0.86 secs, 481,889,992 bytes)
λ>  main
[2,3,5,7,13,17,23,43,59,61,113,181,193,199,241,467,479,499]
"done"
(0.85 secs, 481,889,992 bytes)
λ>  main
[2,3,5,7,13,17,23,43,59,61,113,181,193,199,241,467,479,499]
"done"
(0.86 secs, 481,889,992 bytes)
λ>  main
[2,3,5,7,13]
"done"
(0.19 secs, 107,624,360 bytes)
λ>  main
[2,3,5,7,13,17,23,43,59,61,113,181,193,199,241,467,479,499]
"done"
(0.86 secs, 481,889,992 bytes)
λ>  main
[2,3,5,7,13,17,23,43,59,61,113,181,193,199,241,467,479,499]
"done"
(0.86 secs, 481,889,992 bytes)
λ> main
